%YAML:1.0
---
K: !!opencv-matrix
   rows: 3
   cols: 3
   dt: d
   data: [ 198.7804617966205, 0., 344.13340176501043, 0.,
       201.79692182188654, 189.85705958363846, 0., 0., 1. ]
D: !!opencv-matrix
   rows: 1
   cols: 5
   dt: d
   data: [ 0.020841571311486343, -0.04981872712193975,
       -0.0006628740491527365, 0.023830591300055236,
       0.022284176342677386 ]
