%YAML:1.0
---
K: !!opencv-matrix
   rows: 3
   cols: 3
   dt: d
   data: [ 302.70612892746004, 0., 297.44413250197232, 0.,
       301.60346155087046, 210.13472778237642, 0., 0., 1. ]
D: !!opencv-matrix
   rows: 1
   cols: 5
   dt: d
   data: [ 0.1428944985743435, -0.43162110773019979,
       0.0097124304396210386, 0.0036734332207993101, 0.24408096326945253 ]
