%YAML:1.0
---
K: !!opencv-matrix
   rows: 3
   cols: 3
   dt: d
   data: [ 159.13598956909678, 0., 312.40548760850623, 0.,
       156.00829287840915, 197.53154271313448, 0., 0., 1. ]
D: !!opencv-matrix
   rows: 1
   cols: 5
   dt: d
   data: [ -0.095314482054790789, 0.016888131207614423,
       0.011997404334472358, -0.0063375930928193077,
       -0.0011140394471302584 ]
