%YAML:1.0
---
K: !!opencv-matrix
   rows: 3
   cols: 3
   dt: d
   data: [ 182.38199412566348, 0., 329.62689403856922, 0.,
       179.13184235140474, 184.6653359082112, 0., 0., 1. ]
D: !!opencv-matrix
   rows: 1
   cols: 5
   dt: d
   data: [ -0.1235469639010212, 0.014596014677150758,
       0.0018051970378063409, 0.00071158031236102839,
       -0.00073483640105137548 ]
